% 試合 打数 得点 安打 本塁打 塁打 打点 盗塁 犠打 犠飛 四球 死球 三振 併殺打 
X = [
144 580 92 198 19 296 83 12 0 5 47 5 111 5 ;
134 483 74 161 41 306 136 1 0 4 62 9 118 10 ;
130 439 94 145 60 342 131 0 0 4 103 1 105 14 ;
132 508 44 165 10 221 74 5 2 11 26 4 45 12 ;
144 518 74 165 4 205 55 40 8 5 85 7 87 20 ;
144 543 85 172 27 301 110 14 7 4 61 5 88 9 ;
131 482 63 153 4 195 54 3 1 4 36 2 44 14 ;
144 570 76 180 19 272 92 1 0 5 46 12 47 23 ;
144 519 76 164 25 265 87 1 6 7 50 13 74 11 ;
143 566 55 178 19 274 85 6 0 4 42 1 81 25 ;
109 427 77 131 5 172 44 7 2 2 54 7 59 12 ;
108 407 67 124 28 224 73 1 0 1 45 6 77 11 ;
141 521 60 158 24 257 91 0 0 2 64 6 80 20 ;
121 429 45 130 18 210 55 1 5 3 25 5 57 12 ;
141 524 75 157 17 245 61 33 0 3 66 8 93 6 ;
135 485 68 144 23 248 83 4 0 4 67 10 81 13 ;
135 422 81 125 32 238 91 0 0 6 86 15 59 8 ;
144 513 78 150 28 264 93 2 0 5 70 2 119 12 ;
122 497 57 144 4 190 44 11 0 6 45 1 65 6 ;
142 512 60 148 17 226 91 1 0 4 54 15 67 17 ;
125 462 65 133 5 186 43 10 6 3 50 4 63 3 ;
134 399 53 114 16 184 51 1 2 2 54 0 61 10 ;
137 410 36 117 3 150 40 4 35 3 24 3 84 10 ;
138 504 59 143 31 255 95 0 0 6 57 4 132 14 ;
120 433 51 123 2 154 40 21 9 0 44 5 100 3 ;
120 406 56 115 2 141 37 22 19 2 42 2 62 1 ;
144 574 93 162 18 247 67 47 4 2 69 9 142 9 ;
144 532 74 150 10 218 65 15 1 2 104 4 65 12 ;
144 590 82 166 19 250 65 14 3 0 48 1 101 6 ;
122 431 37 121 14 184 61 1 0 5 32 5 66 20 ;
144 527 77 147 12 218 73 6 1 4 99 6 96 8 ;
144 584 86 163 20 259 90 13 2 7 27 6 124 11 ;
142 495 63 136 18 215 76 2 0 7 77 2 63 26 ;
139 512 37 141 3 175 46 2 8 10 26 3 77 9 ;
128 466 48 128 1 152 48 3 33 4 21 12 43 7 ;
119 459 75 126 5 161 41 5 5 0 51 8 76 6 ;
140 506 82 138 14 215 58 29 5 4 85 1 103 6 ;
104 384 51 105 0 123 21 19 35 0 27 8 40 2 ;
144 564 89 152 13 230 58 13 12 2 49 7 89 8 ;
140 476 60 127 15 192 70 2 0 7 60 5 110 17 ;
120 402 52 107 3 134 32 13 32 0 50 8 86 9 ;
144 554 73 147 12 218 54 24 4 3 55 4 87 11 ;
144 481 54 127 5 184 50 2 14 6 38 12 66 8 ;
123 485 72 127 8 171 45 9 14 3 52 5 85 7 ;
126 445 65 115 2 150 30 19 4 2 37 2 96 9 ;
134 447 44 115 4 142 48 3 16 3 39 2 92 14 ;
143 491 57 124 5 170 43 10 62 3 35 9 94 7 ;
140 499 68 124 3 155 27 19 10 3 37 6 69 2 ;
125 448 55 111 11 174 58 1 2 4 40 3 85 4 ;
141 538 69 133 11 201 57 16 50 5 38 2 121 4 ;
143 478 81 116 26 217 94 4 0 6 105 15 164 15 ;
132 407 56 97 25 186 70 0 0 4 49 7 130 7 ;
131 395 52 93 5 125 30 16 38 1 27 9 80 4 ;
141 413 28 89 5 120 43 1 19 2 30 4 62 14 ;
96 374 56 94 16 163 49 7 3 2 42 2 54 12 ;
111 348 38 80 16 149 57 2 0 2 39 0 121 7 ;
77 254 59 88 16 161 44 7 4 0 27 2 60 6 ;
118 367 54 106 15 179 55 1 1 1 41 4 54 13 ;
119 357 44 85 14 143 51 2 1 2 37 4 89 10 ;
105 271 27 71 14 136 46 0 0 2 19 3 79 8 ;
66 224 31 58 14 107 45 0 0 3 36 2 65 2 ;
66 235 24 58 13 108 32 3 0 1 20 4 73 6 ;
99 360 28 79 12 133 51 0 2 1 30 0 69 10 ;
96 238 26 62 12 111 39 1 0 3 33 3 54 5 ;
77 227 32 59 12 101 35 2 3 1 30 3 64 3 ;
108 371 57 109 11 161 50 3 11 2 27 13 81 3 ;
104 298 48 88 11 144 41 10 0 0 32 7 96 3 ;
62 185 20 49 11 88 33 0 0 4 10 2 45 6 ;
123 372 27 105 10 160 52 2 1 4 11 1 49 4 ;
68 165 23 50 10 88 34 0 0 0 31 1 34 4 ;
85 329 46 115 9 171 51 4 0 0 26 1 57 10 ;
86 268 32 73 8 114 47 1 1 6 33 3 81 2 ;
102 335 52 92 4 124 28 26 17 3 32 9 26 4 ;
127 223 24 53 0 58 8 23 26 1 21 1 47 2 ;
85 281 35 78 2 104 26 22 14 1 31 5 69 5 ;
134 313 39 81 0 93 18 19 16 3 18 5 26 7 ;
112 339 51 87 4 114 22 18 24 2 33 1 65 2 ;
63 156 30 39 1 49 10 14 4 1 14 1 20 1 ;
80 22 13 5 0 6 1 13 3 0 0 0 0 0 ;
105 338 35 75 0 84 19 12 18 2 25 1 33 10 ;
94 278 30 62 2 81 23 12 12 0 18 3 56 5 ;
79 265 36 71 4 102 20 12 0 1 31 3 73 7 ;
89 223 33 46 0 51 6 12 22 2 20 2 43 2 ;
85 54 16 11 0 13 3 12 4 0 1 1 9 0 ;
91 190 24 45 0 49 5 11 9 1 21 1 34 2 ;
89 81 20 22 0 22 9 11 5 0 8 1 10 0 ;
105 364 36 79 6 111 41 10 5 1 33 7 96 10 ;
94 350 50 99 3 125 26 9 3 3 39 1 37 6 ;
72 259 41 75 4 92 28 9 15 0 24 2 35 4 ;
119 192 30 56 0 67 9 8 16 0 8 0 19 2 ;
102 137 28 32 3 43 11 8 6 0 16 2 27 4 ;
54 49 15 14 1 17 2 8 3 0 5 0 10 2 ;
106 274 41 74 9 111 39 7 4 5 43 8 51 6 ;
101 225 27 48 4 65 14 7 14 1 23 5 38 4 ;
74 217 28 53 1 68 16 7 16 1 18 5 34 2 ;
]
