# Created by Octave 3.8.1, Thu Jul 31 21:23:54 2014 JST <fumifumi@Takafumi-no-MacBook-Air.local>
# name: pc
# type: matrix
# rows: 14
# columns: 14
 0.132377033499889 -0.1109359488979101 -0.02692173881822898 0.1518858731689161 0.8272664320966702 -0.3355836788666066 -0.3656457731028231 0.06527381776021271 0.08246596476401861 0.06360408489155882 0.01216778633414433 -0.00425270162029759 -0.01988615558135721 0.00490563426525386
 0.8276045815299817 -0.4635454871323931 -0.01984219590239763 -0.05798681201494936 -0.0481280775730937 0.2199131473856205 0.09009861670277128 0.1200926687404756 -0.1440537576829414 -0.04082854430049365 0.02647945943668324 -0.001637891279148541 -0.006096055617322979 0.00790438718258449
 0.1099672012635702 0.08416335542680047 -0.03444838460412615 0.420379667794374 -0.272353858162755 -0.3624097532158997 0.05875147629017034 0.6404328937130883 0.3087929164989611 -0.1477184900111491 -0.193981099707539 -0.1595907458708027 0.0403654310237144 -0.04351377426160428
 0.2569693125532304 0.03145943822801209 0.274848968657237 -0.006978725785784911 -0.2207456601038693 -0.1869600248488006 -0.2261135342822447 -0.5004935351811278 0.5945123292112433 -0.03047997962305124 -0.001226823109898639 -0.06943434381689779 0.05992093698949675 0.3305987308641282
 0.03349307425755942 0.2171576588355418 -0.03142430125103108 -0.02810129724807782 0.0925778367502185 0.004501048786615473 0.1140022095233453 0.1845738198645314 -0.2774052572118909 0.03786344366255103 -0.07145009717924698 0.02994417135709276 0.2577331696497636 0.8622489245565348
 0.4139257523146644 0.6701646613314511 0.2265094970212986 -0.1019970922559637 -0.04989263084489477 -0.251714161440027 -0.007032585414428746 -0.02486524517175482 -0.26232015379202 0.3088621217223776 0.002941703128013687 0.1384733610546673 -0.04022360280383654 -0.2575047008593754
 0.1376823198790508 0.4092743136061434 0.002601710186259728 -0.1500241443820986 0.2870866569474196 0.2280662885644951 0.2231352962594856 -0.007312392378641204 0.144323164157774 -0.7057491105748416 0.1097361742970863 -0.2525735370000647 -0.09822149217766941 -0.04852243056723598
 0.004017521319952437 -0.09546932589653868 -0.05638946877288144 0.2532209797739883 -0.2167304349011876 -0.3825122570169004 -0.2676849113256186 -0.2992124930682458 -0.5475777284464382 -0.5186586602577842 -0.008604367702943807 0.005608275790402501 0.01162907361682193 -0.0029827510648182
 -0.004300650466901069 -0.1810368083956268 -0.05607503850186002 -0.03859689275857038 0.1437660108666388 -0.4936189027356455 0.7827154678075774 -0.2704632245444555 0.01261992413642977 0.0642300365626849 -0.06120145586974782 -0.05856571321803243 0.02047020336246289 -0.0239071468425091
 0.008008496329767325 0.003938246033487035 0.009554091054005469 -0.02104839853483893 0.0405040145418209 0.0407029685551135 -0.01163356918963377 -0.02666789111742921 0.03898675648882566 -0.05738369936400573 0.09740536278718336 0.0002855569087235647 0.9553120913561043 -0.2613814855879871
 0.0970002995679812 0.1817646721156529 -0.1966616129132951 0.8008693565201824 0.07857999242134063 0.3478147292792127 0.1666820157282015 -0.2953785888201316 0.01109510423143926 0.1615919495646624 0.09173748558000314 0.02453398835592896 -0.005040635404055167 0.00505698350029094
 0.009571431662190748 0.001502955727933836 -0.004715400324146745 0.02564862003914561 0.02961454470453224 -0.01898935277541131 0.09759839529297674 0.06586439794775481 0.1855261223273359 -0.2604122073696893 0.01766531326687807 0.9386277277655201 -0.01802772904519276 0.0152094116138322
 0.134091987445152 0.1594778030591184 -0.9073636791399547 -0.2340989883155243 -0.102860518395234 -0.1132433721219645 -0.1362882821954897 -0.1004151716296906 0.1428946624604511 0.06103390857027098 -0.04503285432329802 0.01208789551443386 0.009646479038402817 0.001335758598125276
 0.02069119189362122 0.02416591707243814 0.03781162013893613 -0.01394904153582462 0.1000826843095881 0.1775969852541227 -0.02131027532136572 -0.1444654922231451 -0.02393037486910818 -0.05049460279900838 -0.9593234947324557 0.02434047373688512 0.05510705650940883 -0.086190300309787


