# Created by Octave 3.8.1, Thu Jul 31 21:24:05 2014 JST <fumifumi@Takafumi-no-MacBook-Air.local>
# name: score
# type: matrix
# rows: 95
# columns: 14
 260.1765341237063 27.84956130857153 11.19268121713647 -12.98236701733544 -19.77203787084972 -24.15158235259108 -14.57895004248789 -1.161426115587713 12.34740010061273 4.501394169762809 3.503033460406336 -1.366537746057106 0.8063452056851304 0.4759287086680812
 181.7443021643915 109.4304276163469 -2.971641709863426 -18.13179094097528 9.868137749106303 -9.613552922080679 6.696731579604671 -5.322719245082058 4.637246846281331 -14.55104797623036 4.955551177378243 -2.799461426394445 -2.172865364386135 2.043265170526107
 159.9733036007759 163.2148901657645 4.444783143878656 24.24036337564803 10.22808297835969 -15.34336992776654 17.79238099723402 0.9862886397463132 -10.56151594459904 8.123295900396137 -1.54188851522633 -4.542918203284874 1.984418022756443 2.597684625497378
 141.9165733829023 -12.26726561683203 53.42427191266604 -24.7920084436495 2.305793146573665 7.759167527977317 -5.926061172606737 -11.39955326981013 2.235583421253474 -6.479511358145557 5.071885715550106 -1.863661081622998 4.714500871461305 0.6080402004052641
 157.2563084205871 -22.34210085084379 -3.407070198683507 39.85509533091976 -7.391147952606937 -4.739041934725705 -12.83177612889929 -25.31113144986252 1.865739652790373 -8.827058945094596 -7.393347255878843 0.4938495377030859 1.881750501702019 0.340065767960168
 226.4857633075657 57.24339154621484 23.72579744466896 -1.585549849324489 2.295704192502012 -16.03198060495255 4.794810075534527 -0.7888363931552351 -3.848369255752171 -9.243242998069741 4.258805183631388 -4.507285794020895 -2.460608269072606 -4.023761857314782
 106.3539045619005 -23.74736734913196 43.38942542441135 -1.701172783799837 -3.760146930989182 4.64926647318922 -7.637830497010513 1.053745182340298 10.58849650069538 1.284415514498847 -2.737171471566847 -4.294309184786179 -0.2400753348343569 -0.1982709949523341
 228.5368495307341 9.278975269825011 61.11800595176529 -6.58075089225888 3.718847669450204 5.07807532278537 1.626989383834933 4.804517806061471 3.475558875942746 -7.036922967545944 -6.978108505532852 3.005261077707231 -0.6502658816247143 -0.6169557813531616
 182.5925485298887 30.64799282120195 29.88399092735872 -5.414107576300616 6.483904739305358 -9.194233601627776 2.280633165503303 4.236361046319663 5.289216944787599 0.03732300506339672 1.201306972500865 5.393190229519962 2.615395049590135 1.348559963950787
 226.2541817055852 12.13485401542239 31.60509420612387 -24.65425289822155 2.07429562164802 3.787917964643982 -8.468849031911066 -12.90320954419061 -5.290755807008973 3.440223958387563 -7.933866829373809 -1.384314565362063 -1.20691295124919 -0.6442680941041615
 46.70556377508065 -9.562644549572086 15.72660436638514 20.08022185147966 -20.88499620114326 4.496332122856328 0.5141772644985604 6.200374465853566 13.31671684703427 1.452176708486144 -5.694123510383805 -0.2159041793023683 -0.04537517143815326 -0.5068052517687749
 54.8967831462811 52.60949601650056 11.54734047089995 -6.22214147138663 -10.33661630541612 -3.09093185947717 4.82310741011565 6.864923414331189 -1.437894581358432 3.356718800346166 -3.213463155861238 1.58475659372014 -0.6229604155997391 2.862082308165867
 180.0186864075163 29.44750542000455 19.5778442319645 -2.839861975320554 11.37090824326927 11.15609247182944 1.079622194605164 -7.421841778788173 -1.02522235486877 1.396594229388841 -3.03897244859918 0.6337369391792051 -2.972884589244046 1.71594559513834
 60.72313755045008 12.68617718992515 32.12583295163067 -22.01423945429916 -0.01258409403753269 -3.271910824152535 -2.491806129549449 -1.80307140482709 -6.060850823167779 10.31683390739832 -1.536722567258948 4.957100724727562 0.2036711920230718 1.025074547966781
 176.369258027181 6.402425243660151 1.571404829761534 16.36052947113222 -10.93352677974076 -13.16935281170248 -14.7404582410615 -7.371427741496955 -12.10519845736287 0.4195002240007397 4.182109917348962 5.938371098549053 -0.1735761881217753 0.1710898529456482
 142.2031704491609 37.67842065000421 12.31490507276263 7.282889778347306 5.876136541745913 3.569701073838222 1.639073101054593 -0.8707562473005801 -1.729751128015062 2.226360562544983 0.7436709675780628 4.850777629037067 -0.7662233919302937 -1.585083265213533
 82.71220726911173 66.12660355044306 21.62536526090087 35.61015960735025 17.54213324085252 2.666625148878842 11.71153106897667 10.04183232939356 1.728040120771538 -2.29872474005809 4.630349111955845 5.812499609734811 2.130582878883788 1.079855865577198
 182.6652877586858 47.39641753291856 -18.63287458302234 0.7035710542316704 6.925415496669006 -2.242858677137003 -2.123950698209112 2.419966931378466 2.63016947066537 3.986943625700137 -0.06880844055425461 -4.417663195228541 0.6827778815590465 -0.2901811686144314
 114.7238922817618 -33.71856332110305 18.41027126946074 0.01276670804618375 -15.00776374347557 10.66858546166753 -7.745710247332379 -2.726873408401327 -0.8582103942898337 5.845503778244739 5.337415404443593 -1.419477888381953 1.966879334310338 -0.8402550777634413
 154.3976842309481 6.861254215473742 23.7483774787458 -3.219286424923736 16.1193579320218 15.47173747226046 2.340510740339072 0.9791501356751331 3.78570606074945 -12.94232729379233 0.04732322906364139 4.814610298085831 -2.574631462858492 0.09240287729846741
 82.57765727499964 -20.85348878750434 15.18010837492876 10.63735789346864 -9.242017596546816 0.5799392316519112 -2.658250128275219 2.297307757415193 1.893721614995766 7.259340101245579 5.544729960389818 0.32426296769721 -0.7174195907506422 -2.175600938545322
 26.26937571131827 12.21704880323619 12.63512378266914 10.80811122846205 14.54986521480337 2.297050440106012 -5.291288638160865 0.7106929778510194 -0.9744723479933266 12.58937548785418 0.3191015524037697 -1.671296465169505 -0.7289360831465502 0.9601724100851627
 18.72919227617784 -32.69894986392227 -10.56891495859824 -20.92648751191729 17.30516161761688 -15.19179665288231 6.400960405934458 -14.73510088694806 7.483003930166412 7.801567771191595 -2.120327430440658 -1.074064344712733 -0.2798720582407629 -0.2615859338431736
 167.7276250469397 45.80964778722048 -30.74044420940315 -21.04928351838501 8.790485731572774 3.850181160415865 -2.68517780923893 -4.005317016801747 -1.608754310647867 1.965985664852069 -0.2539715918534267 -0.76750999375845 1.806483603857373 2.483306671763463
 44.44309350728375 -28.46693046629008 -26.7522810796044 -1.166143530038099 -11.82660757153525 -1.925618638681472 -9.297283310367702 -11.10891916545493 3.487820339397461 -1.693838119203701 4.465553889731516 0.6821929014119401 -3.104378393257813 1.386723471652909
 9.415204780623377 -34.09651206012516 2.673630267802117 11.40339349311988 -5.571140842610888 -7.519459529724367 1.926356101082294 -5.359432137640698 0.8380202791563743 -4.735552577279576 5.390683249690666 -4.510945975183511 -0.6854144879853876 1.10513708375852
 230.0625003789928 -5.053235476673996 -44.27548377187878 14.64386021507664 -22.12314547897046 -21.13118132474391 -16.71626253637239 -3.472850630066168 -10.97149737124647 -11.70473047613063 -2.616732217379811 2.936888401973837 -0.02967322149971852 1.468132787720743
 170.5514284672778 -11.80644259051802 12.68518253571805 50.55729036241922 5.180806156867739 20.81158363923749 1.936252868405457 -8.402730347528772 -2.513927282951579 3.845140113943649 4.409301157934669 -1.574980899805484 -3.055853486598645 -1.430892217685056
 236.3046000603212 -18.97734077793635 0.6821823523901794 -6.62920275570197 -12.45429097586411 -5.587567537495613 -7.73397653702758 9.95076394047841 -5.172666907852328 5.026177742458994 2.460569274191098 -3.380984917243885 -2.623646208772001 4.203462861236078
 51.33719415011034 -1.331516666060855 15.17230565656958 -19.87588135885016 7.320539716420154 14.69500086347795 -4.213741620439286 -5.080437105630707 -4.104414071169023 0.1790594576560456 -5.977875746017087 2.384334454941458 1.035596566838966 0.3281735860705299
